========================================
       4-BIT JOHNSON COUNTER TEST
========================================
Time    Reset   Q
----------------------------------------
0       1       0000
12000   0       0000
15000   0       1000
25000   0       1100
35000   0       1110
45000   0       1111
55000   0       0111
65000   0       0011
75000   0       0001
85000   0       0000
95000   0       1000
105000  0       1100
----------------------------------------
Simulation completed successfully.